run,files_changed,lines_added,lines_deleted,lines_total,duration_s,exit_code,timed_out,commit_sha,commit_message,model,git_branch
1,0,0,0,0,10.170,1,0,d23a997d25d784fbd71f299d226ee74a11cde930,codex-exp: iteration 1 [codex failed exit=1 timed_out=0],gpt-5.4,codex-exp/20260622T211128Z-gpt-5.4-high-Agent
2,0,0,0,0,6.961,1,0,cfbaa05ec4457ad85c72616d4743d77eb4b88ced,codex-exp: iteration 2 [codex failed exit=1 timed_out=0],gpt-5.4,codex-exp/20260622T211128Z-gpt-5.4-high-Agent
3,0,0,0,0,6.662,1,0,1b25b609ab17fdf6e479c233a28e88d507a9c5da,codex-exp: iteration 3 [codex failed exit=1 timed_out=0],gpt-5.4,codex-exp/20260622T211128Z-gpt-5.4-high-Agent
4,0,0,0,0,7.372,1,0,3afc29de00dc8f1688e5d3c1b18f1fb64409249b,codex-exp: iteration 4 [codex failed exit=1 timed_out=0],gpt-5.4,codex-exp/20260622T211128Z-gpt-5.4-high-Agent
5,0,0,0,0,8.844,1,0,4045502960866a1c46b95d136058e3494c2120a3,codex-exp: iteration 5 [codex failed exit=1 timed_out=0],gpt-5.4,codex-exp/20260622T211128Z-gpt-5.4-high-Agent
6,0,0,0,0,6.789,1,0,0c2c9ebe16ada241184aaaaa3956d6495126ca91,codex-exp: iteration 6 [codex failed exit=1 timed_out=0],gpt-5.4,codex-exp/20260622T211128Z-gpt-5.4-high-Agent
7,0,0,0,0,6.667,1,0,581dc7b4a074b669d45bc416aa0e9fec6613f314,codex-exp: iteration 7 [codex failed exit=1 timed_out=0],gpt-5.4,codex-exp/20260622T211128Z-gpt-5.4-high-Agent
8,0,0,0,0,6.881,1,0,c276352a168670c9bdcce74969c3300fd5382af5,codex-exp: iteration 8 [codex failed exit=1 timed_out=0],gpt-5.4,codex-exp/20260622T211128Z-gpt-5.4-high-Agent
9,0,0,0,0,8.092,1,0,f4657270f2d7fd970e49e49b8008059017f9c6fa,codex-exp: iteration 9 [codex failed exit=1 timed_out=0],gpt-5.4,codex-exp/20260622T211128Z-gpt-5.4-high-Agent
10,0,0,0,0,6.781,1,0,39b4b370cb912a8fc9985025d3419bc47640d84b,codex-exp: iteration 10 [codex failed exit=1 timed_out=0],gpt-5.4,codex-exp/20260622T211128Z-gpt-5.4-high-Agent
